1756,1758
1760,1762
1764,1765
